[gd_scene load_steps=7 format=3 uid="uid://c667mbpv0okws"]

[ext_resource type="Script" path="res://scripts/characters/player/player.gd" id="1_qo8hv"]
[ext_resource type="Script" path="res://scripts/characters/player/player_idle_state.gd" id="2_756c2"]
[ext_resource type="PackedScene" uid="uid://bhl80co3kt1tg" path="res://scenes/characters/state_machine.tscn" id="2_870mw"]
[ext_resource type="Script" path="res://scripts/characters/player/player_move_state.gd" id="4_3bp7k"]
[ext_resource type="PackedScene" uid="uid://bi1uc7w3w0t4d" path="res://scenes/inherited/knight.tscn" id="5_bfdda"]

[sub_resource type="CapsuleShape3D" id="CapsuleShape3D_enn55"]
height = 2.4

[node name="Player" type="CharacterBody3D" node_paths=PackedStringArray("animation_player", "state_machine", "model")]
collision_layer = 2
collision_mask = 5
floor_max_angle = 1.55334
script = ExtResource("1_qo8hv")
animation_player = NodePath("Knight/AnimationPlayer")
state_machine = NodePath("StateMachine")
model = NodePath("Knight")

[node name="CollisionShape3D" type="CollisionShape3D" parent="."]
transform = Transform3D(1, 0, 0, 0, 1, 0, 0, 0, 1, 0, 1.2, 0)
shape = SubResource("CapsuleShape3D_enn55")

[node name="StateMachine" parent="." node_paths=PackedStringArray("_current_state", "_states") instance=ExtResource("2_870mw")]
_current_state = NodePath("IdleState")
_states = [NodePath("IdleState"), NodePath("MoveState")]

[node name="IdleState" type="Node" parent="StateMachine"]
script = ExtResource("2_756c2")

[node name="MoveState" type="Node" parent="StateMachine"]
script = ExtResource("4_3bp7k")

[node name="Knight" parent="." instance=ExtResource("5_bfdda")]

[node name="1H_Sword_Offhand" parent="Knight/Rig/Skeleton3D" index="0"]
transform = Transform3D(2.64941e-07, 0.262865, 0.964832, 0.999999, -3.5482e-07, 7.47043e-07, 9.00584e-07, 0.964832, -0.262864, 0.51224, 0.636706, -0.00210781)

[node name="Badge_Shield" parent="Knight/Rig/Skeleton3D" index="1"]
transform = Transform3D(2.87361e-07, 0.262864, 0.964832, 0.999999, -2.89e-06, 1.4145e-06, 3.52206e-06, 0.964832, -0.262864, 0.662643, 0.636706, -0.0430845)

[node name="Rectangle_Shield" parent="Knight/Rig/Skeleton3D" index="2"]
transform = Transform3D(2.87361e-07, 0.262864, 0.964832, 0.999999, -2.89e-06, 1.4145e-06, 3.52206e-06, 0.964832, -0.262864, 0.662643, 0.636706, -0.0430845)

[node name="Round_Shield" parent="Knight/Rig/Skeleton3D" index="3"]
transform = Transform3D(2.87361e-07, 0.262864, 0.964832, 0.999999, -2.89e-06, 1.4145e-06, 3.52206e-06, 0.964832, -0.262864, 0.662643, 0.636706, -0.0430845)

[node name="Spike_Shield" parent="Knight/Rig/Skeleton3D" index="4"]
transform = Transform3D(2.87361e-07, 0.262864, 0.964832, 0.999999, -2.89e-06, 1.4145e-06, 3.52206e-06, 0.964832, -0.262864, 0.662643, 0.636706, -0.0430845)

[node name="1H_Sword" parent="Knight/Rig/Skeleton3D" index="5"]
transform = Transform3D(1.68832e-07, -0.149894, 0.988701, 0.999999, -7.42251e-07, -1.19209e-06, 1.42471e-06, 0.988701, 0.149894, -0.496053, 0.64103, 0.139528)

[node name="2H_Sword" parent="Knight/Rig/Skeleton3D" index="6"]
transform = Transform3D(1.53093e-07, -0.149894, 0.988701, 0.999999, -7.56983e-07, -1.17841e-06, 1.43722e-06, 0.988701, 0.149894, -0.496053, 0.64103, 0.139528)

[node name="Knight_Helmet" parent="Knight/Rig/Skeleton3D" index="7"]
transform = Transform3D(0.99972, -1.40145e-09, 0.0236468, 1.39343e-09, 1, 3.55687e-10, -0.0236468, -3.22638e-10, 0.99972, 4.69869e-07, 1.20229, -1.19779e-07)

[node name="Knight_Cape" parent="Knight/Rig/Skeleton3D" index="8"]
transform = Transform3D(0.996275, -5.14962e-09, 0.0862354, 5.13044e-09, 1, 4.44078e-10, -0.0862354, 1.47756e-15, 0.996275, -1.63023e-08, 1.20229, -1.40136e-07)

[editable path="Knight"]
