[gd_scene load_steps=19 format=3 uid="uid://c667mbpv0okws"]

[ext_resource type="Script" path="res://scripts/characters/player/player.gd" id="1_qo8hv"]
[ext_resource type="Resource" uid="uid://c3sriy6hvvydm" path="res://resources/player_health_stat.tres" id="2_46eis"]
[ext_resource type="Script" path="res://scripts/characters/player/player_idle_state.gd" id="2_756c2"]
[ext_resource type="PackedScene" uid="uid://bhl80co3kt1tg" path="res://scenes/characters/state_machine.tscn" id="2_870mw"]
[ext_resource type="Resource" uid="uid://cskpnax7n2s4o" path="res://resources/inputs/player_1.tres" id="2_kmde6"]
[ext_resource type="Resource" uid="uid://d0dcev7o8rxtq" path="res://resources/player_strength_stat.tres" id="3_0tsjh"]
[ext_resource type="Script" path="res://scripts/characters/player/player_move_state.gd" id="4_3bp7k"]
[ext_resource type="PackedScene" uid="uid://bi1uc7w3w0t4d" path="res://scenes/inherited/knight.tscn" id="5_bfdda"]
[ext_resource type="Script" path="res://scripts/characters/player/player_attack_state.gd" id="5_lblf0"]
[ext_resource type="Script" path="res://scripts/characters/player/player_death_state.gd" id="7_5noux"]
[ext_resource type="PackedScene" uid="uid://dxv3buqfhltrh" path="res://scenes/abilities/lightning.tscn" id="9_gnwu6"]
[ext_resource type="Script" path="res://scripts/characters/player/player_placing_bomb_state.gd" id="10_fj5mp"]
[ext_resource type="PackedScene" uid="uid://cga80knrumk05" path="res://scenes/abilities/bomb.tscn" id="11_b580c"]
[ext_resource type="Script" path="res://scripts/characters/attack_hitbox.gd" id="12_vmgaq"]
[ext_resource type="Shader" path="res://shaders/outline3D.gdshader" id="15_oc06l"]

[sub_resource type="CapsuleShape3D" id="CapsuleShape3D_enn55"]
height = 2.4

[sub_resource type="BoxShape3D" id="BoxShape3D_j6q0p"]
size = Vector3(0.5, 0.5, 0.5)

[sub_resource type="ShaderMaterial" id="ShaderMaterial_icy2k"]
render_priority = 0
shader = ExtResource("15_oc06l")
shader_parameter/active = false
shader_parameter/thickness = 0.1
shader_parameter/outline_color = Color(1, 1, 1, 1)

[node name="Player" type="CharacterBody3D" node_paths=PackedStringArray("animation_player", "state_machine", "model", "hurtbox", "hitbox", "_hitbox_shape", "_head", "_timer")]
collision_layer = 2
collision_mask = 5
floor_max_angle = 1.55334
script = ExtResource("1_qo8hv")
input = ExtResource("2_kmde6")
stats = Array[Resource("res://scripts/resources/stat_resource.gd")]([ExtResource("2_46eis"), ExtResource("3_0tsjh")])
animation_player = NodePath("Knight/AnimationPlayer")
state_machine = NodePath("StateMachine")
model = NodePath("Knight")
hurtbox = NodePath("Hurtbox")
hitbox = NodePath("Hitbox")
_hitbox_shape = NodePath("Hitbox/CollisionShape3D")
_head = NodePath("Knight/Rig/Skeleton3D/Knight_Helmet/Knight_Helmet")
_timer = NodePath("ShaderTimer")

[node name="CollisionShape3D" type="CollisionShape3D" parent="."]
transform = Transform3D(1, 0, 0, 0, 1, 0, 0, 0, 1, 0, 1.2, 0)
shape = SubResource("CapsuleShape3D_enn55")

[node name="StateMachine" parent="." node_paths=PackedStringArray("_current_state") instance=ExtResource("2_870mw")]
_current_state = NodePath("IdleState")

[node name="IdleState" type="Node" parent="StateMachine"]
script = ExtResource("2_756c2")

[node name="MoveState" type="Node" parent="StateMachine"]
script = ExtResource("4_3bp7k")

[node name="AttackState" type="Node" parent="StateMachine" node_paths=PackedStringArray("_combo_timer", "_attack_timer")]
script = ExtResource("5_lblf0")
_combo_timer = NodePath("ComboTimer")
_attack_timer = NodePath("AttackTimer")
_lightning_scene = ExtResource("9_gnwu6")

[node name="ComboTimer" type="Timer" parent="StateMachine/AttackState"]
wait_time = 2.0
one_shot = true

[node name="AttackTimer" type="Timer" parent="StateMachine/AttackState"]
wait_time = 0.2
one_shot = true

[node name="DeathState" type="Node" parent="StateMachine"]
script = ExtResource("7_5noux")

[node name="PlacingBombState" type="Node" parent="StateMachine"]
script = ExtResource("10_fj5mp")
_bomb_scene = ExtResource("11_b580c")

[node name="Hurtbox" type="Area3D" parent="."]
collision_layer = 0
collision_mask = 4

[node name="CollisionShape3D" type="CollisionShape3D" parent="Hurtbox"]
transform = Transform3D(1, 0, 0, 0, 1, 0, 0, 0, 1, 0, 1.2, 0)
shape = SubResource("CapsuleShape3D_enn55")

[node name="Hitbox" type="Area3D" parent="."]
collision_layer = 2
collision_mask = 4
script = ExtResource("12_vmgaq")

[node name="CollisionShape3D" type="CollisionShape3D" parent="Hitbox"]
transform = Transform3D(1, 0, 0, 0, 1, 0, 0, 0, 1, 0, 1.2, 0)
shape = SubResource("BoxShape3D_j6q0p")
disabled = true

[node name="Knight" parent="." instance=ExtResource("5_bfdda")]

[node name="Skeleton3D" parent="Knight/Rig" index="0"]
bones/1/position = Vector3(0, 0.392064, 0)
bones/1/rotation = Quaternion(-1.11123e-10, 0.0431578, 2.57241e-09, 0.999068)
bones/2/rotation = Quaternion(-6.93889e-18, 7.10543e-15, 4.93038e-32, 1)
bones/4/rotation = Quaternion(-0.559906, -0.0608803, -0.643974, 0.517779)
bones/5/rotation = Quaternion(3.65498e-08, -4.88301e-08, -0.494719, 0.869053)
bones/7/rotation = Quaternion(-0.321065, -0.325319, 0.145726, 0.87741)
bones/8/rotation = Quaternion(-3.6586e-09, 6.87811e-09, -0.707107, 0.707107)
bones/14/position = Vector3(-0.212007, 0.134132, 8.6814e-08)
bones/14/rotation = Quaternion(-0.618244, 0.0807287, 0.618012, 0.478873)
bones/15/rotation = Quaternion(2.09853e-08, 5.12855e-08, 0.517939, 0.855417)
bones/17/rotation = Quaternion(-0.319291, 0.300524, -0.22735, 0.869512)
bones/21/rotation = Quaternion(-5.80608e-11, -0.0313417, -1.88012e-09, 0.999509)
bones/24/rotation = Quaternion(0.993715, 0.0837146, 0.0735038, 0.0109185)
bones/25/rotation = Quaternion(0.195602, 6.26228e-08, -1.32239e-07, 0.980683)
bones/26/rotation = Quaternion(-0.517564, -0.209497, 0.0436549, 0.828452)
bones/27/rotation = Quaternion(-3.04791e-08, 0.920355, -0.391084, 6.94848e-08)
bones/28/rotation = Quaternion(0.997322, -0.0294574, 0.0315293, 0.0590483)
bones/29/rotation = Quaternion(0.274008, -6.38135e-08, 1.92761e-07, 0.961727)
bones/30/rotation = Quaternion(-0.559039, 0.114513, -0.00862763, 0.82115)
bones/33/position = Vector3(0.202182, 0.0259903, 0.205181)
bones/34/rotation = Quaternion(9.65792e-09, 1.77955e-09, 0.985719, -0.168398)
bones/41/rotation = Quaternion(-5.83589e-09, 6.43837e-10, 0.994809, 0.101756)
bones/47/position = Vector3(0.520841, 0.788312, -0.0576373)
bones/47/rotation = Quaternion(0.794627, -1.11759e-07, 0.607098, -5.96046e-08)
bones/49/position = Vector3(-0.510844, 0.788312, 0.0597369)
bones/49/rotation = Quaternion(-0.758253, -1.52737e-07, 0.651961, -1.11759e-08)

[node name="1H_Sword_Offhand" parent="Knight/Rig/Skeleton3D" index="0"]
transform = Transform3D(2.64941e-07, 0.262865, 0.964832, 0.999999, -3.5482e-07, 7.47043e-07, 9.00584e-07, 0.964832, -0.262864, 0.51224, 0.636706, -0.00210781)

[node name="Badge_Shield" parent="Knight/Rig/Skeleton3D" index="1"]
transform = Transform3D(2.87361e-07, 0.262864, 0.964832, 0.999999, -2.89e-06, 1.4145e-06, 3.52206e-06, 0.964832, -0.262864, 0.662643, 0.636706, -0.0430845)

[node name="Rectangle_Shield" parent="Knight/Rig/Skeleton3D" index="2"]
transform = Transform3D(2.87361e-07, 0.262864, 0.964832, 0.999999, -2.89e-06, 1.4145e-06, 3.52206e-06, 0.964832, -0.262864, 0.662643, 0.636706, -0.0430845)

[node name="Round_Shield" parent="Knight/Rig/Skeleton3D" index="3"]
transform = Transform3D(2.87361e-07, 0.262864, 0.964832, 0.999999, -2.89e-06, 1.4145e-06, 3.52206e-06, 0.964832, -0.262864, 0.662643, 0.636706, -0.0430845)

[node name="Spike_Shield" parent="Knight/Rig/Skeleton3D" index="4"]
transform = Transform3D(2.87361e-07, 0.262864, 0.964832, 0.999999, -2.89e-06, 1.4145e-06, 3.52206e-06, 0.964832, -0.262864, 0.662643, 0.636706, -0.0430845)

[node name="1H_Sword" parent="Knight/Rig/Skeleton3D" index="5"]
transform = Transform3D(1.68832e-07, -0.149894, 0.988701, 0.999999, -7.42251e-07, -1.19209e-06, 1.42471e-06, 0.988701, 0.149893, -0.496053, 0.64103, 0.139528)
visible = true

[node name="2H_Sword" parent="Knight/Rig/Skeleton3D" index="6"]
transform = Transform3D(1.53093e-07, -0.149894, 0.988701, 0.999999, -7.56983e-07, -1.17841e-06, 1.43722e-06, 0.988701, 0.149893, -0.496053, 0.64103, 0.139528)

[node name="Knight_Helmet" parent="Knight/Rig/Skeleton3D" index="7"]
transform = Transform3D(0.99972, -1.40145e-09, 0.0236468, 1.39343e-09, 1, 3.55687e-10, -0.0236468, -3.22638e-10, 0.99972, 4.69869e-07, 1.20229, -1.19779e-07)

[node name="Knight_Helmet" parent="Knight/Rig/Skeleton3D/Knight_Helmet" index="0"]
material_overlay = SubResource("ShaderMaterial_icy2k")

[node name="Knight_Cape" parent="Knight/Rig/Skeleton3D" index="8"]
transform = Transform3D(0.996275, -5.14962e-09, 0.0862354, 5.13044e-09, 1, 4.44078e-10, -0.0862354, 1.46374e-15, 0.996275, -1.63023e-08, 1.20229, -1.40136e-07)

[node name="ShaderTimer" type="Timer" parent="."]
wait_time = 0.25
one_shot = true

[editable path="Knight"]
